include: SuiteSparse:GraphBLAS v7.4.4 [Mar 25, 2023]
library: SuiteSparse:GraphBLAS v7.4.4 [Mar 25, 2023]
matrix: /home/quilicam/mat/Harvard500/Harvard500.mtx
[.mtx]
Reading matrix market file: /home/quilicam/mat/Harvard500/Harvard500.mtx
read time: 0.00312646
Input Matrix:

  500x500 GraphBLAS bool matrix, sparse by row
  G->A, 2636 entries, memory: 24.7 KB
  iso value:   1

    (0,1)   1
    (0,2)   1
    (0,3)   1
    (0,6)   1
    (0,7)   1
    (0,8)   1
    (0,9)   1
    (0,10)   1
    (0,11)   1
    (0,13)   1
    (0,14)   1
    (0,15)   1
    (0,16)   1
    (0,17)   1
    (0,18)   1
    (0,19)   1
    (0,20)   1
    (0,21)   1
    (0,22)   1
    (0,24)   1
    (0,25)   1
    (0,28)   1
    (0,29)   1
    (0,40)   1
    (0,43)   1
    (0,44)   1
    (0,46)   1
    (0,50)   1
    (0,60)   1
    ...
bool

  500x500 GraphBLAS double matrix, sparse by row
  A, 2636 entries, memory: 24.7 KB
  iso value:    1

    (0,1)    1
    (0,2)    1
    (0,3)    1
    (0,6)    1
    (0,7)    1
    (0,8)    1
    (0,9)    1
    (0,10)    1
    (0,11)    1
    (0,13)    1
    (0,14)    1
    (0,15)    1
    (0,16)    1
    (0,17)    1
    (0,18)    1
    (0,19)    1
    (0,20)    1
    (0,21)    1
    (0,22)    1
    (0,24)    1
    (0,25)    1
    (0,28)    1
    (0,29)    1
    (0,40)    1
    (0,43)    1
    (0,44)    1
    (0,46)    1
    (0,50)    1
    (0,60)    1
    ...

  500x500 GraphBLAS double matrix, sparse by row
  A, 3063 entries, memory: 28.1 KB
  iso value:    1

    (0,0)    1
    (0,1)    1
    (0,2)    1
    (0,3)    1
    (0,6)    1
    (0,7)    1
    (0,8)    1
    (0,9)    1
    (0,10)    1
    (0,11)    1
    (0,13)    1
    (0,14)    1
    (0,15)    1
    (0,16)    1
    (0,17)    1
    (0,18)    1
    (0,19)    1
    (0,20)    1
    (0,21)    1
    (0,22)    1
    (0,24)    1
    (0,25)    1
    (0,28)    1
    (0,29)    1
    (0,40)    1
    (0,43)    1
    (0,44)    1
    (0,46)    1
    (0,50)    1
    ...

--------------------------------------------------
Current Values at iteration 1
--------------------------------------------------
Number of clusters updated since last iteration: 174
34.800 % of all cluster assignments have been updated since last iteration

  500x500 GraphBLAS bool matrix, sparse by row
  C_temp, 500 entries, memory: 8.0 KB
  iso value:   1

    (1,84)   1
    (4,4)   1
    (5,5)   1
    (6,100)   1
    (19,0)   1
    (19,19)   1
    (20,20)   1
    (21,3)   1
    (21,21)   1
    (22,22)   1
    (23,23)   1
    (24,24)   1
    (25,25)   1
    (27,1)   1
    (28,28)   1
    (29,29)   1
    (30,30)   1
    (37,37)   1
    (40,2)   1
    (40,40)   1
    (41,41)   1
    (42,42)   1
    (44,44)   1
    (46,46)   1
    (47,6)   1
    (47,47)   1
    (48,48)   1
    (49,49)   1
    (50,50)   1
    ...

  500x1 GraphBLAS int64_t vector, bitmap by col
  verts_per_cluster, 392 entries, memory: 4.6 KB

    (1,0)   1
    (4,0)   1
    (5,0)   1
    (6,0)   1
    (19,0)   2
    (20,0)   1
    (21,0)   2
    (22,0)   1
    (23,0)   1
    (24,0)   1
    (25,0)   1
    (27,0)   1
    (28,0)   1
    (29,0)   1
    (30,0)   1
    (37,0)   1
    (40,0)   2
    (41,0)   1
    (42,0)   1
    (44,0)   1
    (46,0)   1
    (47,0)   2
    (48,0)   1
    (49,0)   1
    (50,0)   1
    (52,0)   1
    (53,0)   1
    (54,0)   1
    (55,0)   1
    ...

  500x1 GraphBLAS int64_t vector, full by col
  m_index, 500 entries, memory: 4.1 KB

    (0,0)   19
    (1,0)   27
    (2,0)   40
    (3,0)   21
    (4,0)   4
    (5,0)   5
    (6,0)   47
    (7,0)   59
    (8,0)   66
    (9,0)   92
    (10,0)   109
    (11,0)   114
    (12,0)   120
    (13,0)   121
    (14,0)   123
    (15,0)   179
    (16,0)   180
    (17,0)   187
    (18,0)   242
    (19,0)   19
    (20,0)   20
    (21,0)   21
    (22,0)   22
    (23,0)   23
    (24,0)   24
    (25,0)   25
    (26,0)   281
    (27,0)   282
    (28,0)   28
    ...

  500x500 GraphBLAS double matrix, sparse by row
  T, 3063 entries, memory: 52.0 KB

    (0,0)    0.00510204
    (0,1)    0.00510204
    (0,2)    0.00510204
    (0,3)    0.00510204
    (0,6)    0.00510204
    (0,7)    0.00510204
    (0,8)    0.00510204
    (0,9)    0.00510204
    (0,10)    0.00510204
    (0,11)    0.00510204
    (0,13)    0.00510204
    (0,14)    0.00510204
    (0,15)    0.00510204
    (0,16)    0.00510204
    (0,17)    0.00510204
    (0,18)    0.00510204
    (0,19)    0.00510204
    (0,20)    0.00510204
    (0,21)    0.00510204
    (0,22)    0.00510204
    (0,24)    0.00510204
    (0,25)    0.00510204
    (0,28)    0.00510204
    (0,29)    0.00510204
    (0,40)    0.00510204
    (0,43)    0.00510204
    (0,44)    0.00510204
    (0,46)    0.00510204
    (0,50)    0.00510204
    ...
--------------------------------------------------



--------------------------------------------------
Current Values at iteration 2
--------------------------------------------------
Number of clusters updated since last iteration: 36
7.200 % of all cluster assignments have been updated since last iteration

  500x500 GraphBLAS bool matrix, sparse by row
  C_temp, 500 entries, memory: 8.0 KB
  iso value:   1

    (4,4)   1
    (5,5)   1
    (19,0)   1
    (19,19)   1
    (20,20)   1
    (21,3)   1
    (21,21)   1
    (22,22)   1
    (24,24)   1
    (25,25)   1
    (27,84)   1
    (28,1)   1
    (28,28)   1
    (29,29)   1
    (30,30)   1
    (37,37)   1
    (40,2)   1
    (40,40)   1
    (41,41)   1
    (42,42)   1
    (44,44)   1
    (46,46)   1
    (47,6)   1
    (47,47)   1
    (47,100)   1
    (48,48)   1
    (49,49)   1
    (50,50)   1
    (54,54)   1
    ...

  500x1 GraphBLAS int64_t vector, bitmap by col
  verts_per_cluster, 371 entries, memory: 4.6 KB

    (4,0)   1
    (5,0)   1
    (19,0)   2
    (20,0)   1
    (21,0)   2
    (22,0)   1
    (24,0)   1
    (25,0)   1
    (27,0)   1
    (28,0)   2
    (29,0)   1
    (30,0)   1
    (37,0)   1
    (40,0)   2
    (41,0)   1
    (42,0)   1
    (44,0)   1
    (46,0)   1
    (47,0)   3
    (48,0)   1
    (49,0)   1
    (50,0)   1
    (54,0)   1
    (55,0)   1
    (56,0)   1
    (57,0)   1
    (58,0)   1
    (59,0)   2
    (61,0)   1
    ...

  500x1 GraphBLAS int64_t vector, full by col
  m_index, 500 entries, memory: 4.1 KB

    (0,0)   19
    (1,0)   28
    (2,0)   40
    (3,0)   21
    (4,0)   4
    (5,0)   5
    (6,0)   47
    (7,0)   59
    (8,0)   66
    (9,0)   92
    (10,0)   109
    (11,0)   114
    (12,0)   120
    (13,0)   121
    (14,0)   123
    (15,0)   168
    (16,0)   180
    (17,0)   187
    (18,0)   229
    (19,0)   19
    (20,0)   20
    (21,0)   21
    (22,0)   22
    (23,0)   264
    (24,0)   24
    (25,0)   25
    (26,0)   281
    (27,0)   282
    (28,0)   28
    ...

  500x500 GraphBLAS double matrix, sparse (jumbled) by row
  T, 2204 entries, memory: 38.6 KB

    (1,8)    0.0909091
    (1,14)    0.0909091
    (1,16)    0.0909091
    (1,79)    0.0909091
    (1,82)    0.0909091
    (1,83)    0.0909091
    (1,84)    0.0909091
    (1,87)    0.0909091
    (1,102)    0.0909091
    (1,129)    0.0909091
    (1,409)    0.0909091
    (4,0)    0.1
    (4,4)    0.1
    (4,52)    0.1
    (4,53)    0.1
    (4,54)    0.1
    (4,55)    0.1
    (4,60)    0.1
    (4,84)    0.1
    (4,108)    0.1
    (4,341)    0.1
    (5,0)    0.0769231
    (5,5)    0.0769231
    (5,52)    0.0769231
    (5,53)    0.0769231
    (5,54)    0.0769231
    (5,55)    0.0769231
    (5,84)    0.0769231
    (5,108)    0.0769231
    ...
--------------------------------------------------



--------------------------------------------------
Current Values at iteration 3
--------------------------------------------------
Number of clusters updated since last iteration: 22
4.400 % of all cluster assignments have been updated since last iteration

  500x500 GraphBLAS bool matrix, sparse by row
  C_temp, 500 entries, memory: 8.0 KB
  iso value:   1

    (4,4)   1
    (5,5)   1
    (19,0)   1
    (19,19)   1
    (20,20)   1
    (21,3)   1
    (21,21)   1
    (22,22)   1
    (24,24)   1
    (25,25)   1
    (28,1)   1
    (28,28)   1
    (28,84)   1
    (29,29)   1
    (30,30)   1
    (37,37)   1
    (40,2)   1
    (40,40)   1
    (41,41)   1
    (42,42)   1
    (44,44)   1
    (46,46)   1
    (47,6)   1
    (47,47)   1
    (47,100)   1
    (48,48)   1
    (49,49)   1
    (50,50)   1
    (54,54)   1
    ...

  500x1 GraphBLAS int64_t vector, bitmap by col
  verts_per_cluster, 362 entries, memory: 4.6 KB

    (4,0)   1
    (5,0)   1
    (19,0)   2
    (20,0)   1
    (21,0)   2
    (22,0)   1
    (24,0)   1
    (25,0)   1
    (28,0)   3
    (29,0)   1
    (30,0)   1
    (37,0)   1
    (40,0)   2
    (41,0)   1
    (42,0)   1
    (44,0)   1
    (46,0)   1
    (47,0)   3
    (48,0)   1
    (49,0)   1
    (50,0)   1
    (54,0)   1
    (55,0)   1
    (56,0)   1
    (57,0)   1
    (58,0)   1
    (59,0)   2
    (61,0)   1
    (62,0)   1
    ...

  500x1 GraphBLAS int64_t vector, full by col
  m_index, 500 entries, memory: 4.1 KB

    (0,0)   19
    (1,0)   28
    (2,0)   40
    (3,0)   21
    (4,0)   4
    (5,0)   5
    (6,0)   47
    (7,0)   59
    (8,0)   74
    (9,0)   92
    (10,0)   109
    (11,0)   114
    (12,0)   120
    (13,0)   121
    (14,0)   123
    (15,0)   168
    (16,0)   180
    (17,0)   190
    (18,0)   229
    (19,0)   19
    (20,0)   20
    (21,0)   21
    (22,0)   22
    (23,0)   264
    (24,0)   24
    (25,0)   25
    (26,0)   281
    (27,0)   282
    (28,0)   28
    ...

  500x500 GraphBLAS double matrix, sparse (jumbled) by row
  T, 2077 entries, memory: 36.6 KB

    (4,0)    0.1
    (4,4)    0.1
    (4,52)    0.1
    (4,53)    0.1
    (4,54)    0.1
    (4,55)    0.1
    (4,60)    0.1
    (4,84)    0.1
    (4,108)    0.1
    (4,341)    0.1
    (5,0)    0.0769231
    (5,5)    0.0769231
    (5,52)    0.0769231
    (5,53)    0.0769231
    (5,54)    0.0769231
    (5,55)    0.0769231
    (5,84)    0.0769231
    (5,108)    0.0769231
    (5,178)    0.0769231
    (5,341)    0.0769231
    (5,377)    0.0769231
    (5,380)    0.0769231
    (5,383)    0.0769231
    (19,0)    1.7462
    (19,1)    0.00510204
    (19,2)    0.00510204
    (19,3)    0.00510204
    (19,6)    0.00510204
    (19,7)    0.00510204
    ...
--------------------------------------------------



--------------------------------------------------
Current Values at iteration 4
--------------------------------------------------
Number of clusters updated since last iteration: 4
0.800 % of all cluster assignments have been updated since last iteration

  500x500 GraphBLAS bool matrix, sparse by row
  C_temp, 500 entries, memory: 8.0 KB
  iso value:   1

    (4,4)   1
    (5,5)   1
    (19,0)   1
    (19,19)   1
    (20,20)   1
    (21,3)   1
    (21,21)   1
    (22,22)   1
    (24,24)   1
    (25,25)   1
    (28,1)   1
    (28,28)   1
    (28,84)   1
    (29,29)   1
    (30,30)   1
    (37,37)   1
    (40,2)   1
    (40,40)   1
    (41,41)   1
    (42,42)   1
    (44,44)   1
    (46,46)   1
    (47,6)   1
    (47,47)   1
    (47,100)   1
    (48,48)   1
    (49,49)   1
    (50,50)   1
    (54,54)   1
    ...

  500x1 GraphBLAS int64_t vector, bitmap by col
  verts_per_cluster, 361 entries, memory: 4.6 KB

    (4,0)   1
    (5,0)   1
    (19,0)   2
    (20,0)   1
    (21,0)   2
    (22,0)   1
    (24,0)   1
    (25,0)   1
    (28,0)   3
    (29,0)   1
    (30,0)   1
    (37,0)   1
    (40,0)   2
    (41,0)   1
    (42,0)   1
    (44,0)   1
    (46,0)   1
    (47,0)   3
    (48,0)   1
    (49,0)   1
    (50,0)   1
    (54,0)   1
    (55,0)   1
    (56,0)   1
    (57,0)   1
    (58,0)   1
    (59,0)   2
    (61,0)   1
    (62,0)   1
    ...

  500x1 GraphBLAS int64_t vector, full by col
  m_index, 500 entries, memory: 4.1 KB

    (0,0)   19
    (1,0)   28
    (2,0)   40
    (3,0)   21
    (4,0)   4
    (5,0)   5
    (6,0)   47
    (7,0)   59
    (8,0)   74
    (9,0)   92
    (10,0)   109
    (11,0)   114
    (12,0)   120
    (13,0)   121
    (14,0)   123
    (15,0)   168
    (16,0)   180
    (17,0)   190
    (18,0)   229
    (19,0)   19
    (20,0)   20
    (21,0)   21
    (22,0)   22
    (23,0)   264
    (24,0)   24
    (25,0)   25
    (26,0)   281
    (27,0)   282
    (28,0)   28
    ...

  500x500 GraphBLAS double matrix, sparse (jumbled) by row
  T, 2011 entries, memory: 35.5 KB

    (4,0)    0.1
    (4,4)    0.1
    (4,52)    0.1
    (4,53)    0.1
    (4,54)    0.1
    (4,55)    0.1
    (4,60)    0.1
    (4,84)    0.1
    (4,108)    0.1
    (4,341)    0.1
    (5,0)    0.0769231
    (5,5)    0.0769231
    (5,52)    0.0769231
    (5,53)    0.0769231
    (5,54)    0.0769231
    (5,55)    0.0769231
    (5,84)    0.0769231
    (5,108)    0.0769231
    (5,178)    0.0769231
    (5,341)    0.0769231
    (5,377)    0.0769231
    (5,380)    0.0769231
    (5,383)    0.0769231
    (19,0)    3.25411
    (19,1)    0.00510204
    (19,2)    0.00510204
    (19,3)    0.00510204
    (19,6)    0.00510204
    (19,7)    0.00510204
    ...
--------------------------------------------------



--------------------------------------------------
Current Values at iteration 5
--------------------------------------------------
Number of clusters updated since last iteration: 4
0.800 % of all cluster assignments have been updated since last iteration

  500x500 GraphBLAS bool matrix, sparse by row
  C_temp, 500 entries, memory: 8.0 KB
  iso value:   1

    (4,4)   1
    (5,5)   1
    (19,0)   1
    (19,19)   1
    (20,20)   1
    (21,3)   1
    (21,21)   1
    (22,22)   1
    (24,24)   1
    (25,25)   1
    (28,1)   1
    (28,28)   1
    (28,84)   1
    (29,29)   1
    (30,30)   1
    (37,37)   1
    (40,2)   1
    (40,40)   1
    (41,41)   1
    (42,42)   1
    (44,44)   1
    (46,46)   1
    (47,6)   1
    (47,47)   1
    (47,100)   1
    (48,48)   1
    (49,49)   1
    (50,50)   1
    (54,54)   1
    ...

  500x1 GraphBLAS int64_t vector, bitmap by col
  verts_per_cluster, 361 entries, memory: 4.6 KB

    (4,0)   1
    (5,0)   1
    (19,0)   2
    (20,0)   1
    (21,0)   2
    (22,0)   1
    (24,0)   1
    (25,0)   1
    (28,0)   3
    (29,0)   1
    (30,0)   1
    (37,0)   1
    (40,0)   2
    (41,0)   1
    (42,0)   1
    (44,0)   1
    (46,0)   1
    (47,0)   3
    (48,0)   1
    (49,0)   1
    (50,0)   1
    (54,0)   1
    (55,0)   1
    (56,0)   1
    (57,0)   1
    (58,0)   1
    (59,0)   2
    (61,0)   1
    (62,0)   1
    ...

  500x1 GraphBLAS int64_t vector, full by col
  m_index, 500 entries, memory: 4.1 KB

    (0,0)   19
    (1,0)   28
    (2,0)   40
    (3,0)   21
    (4,0)   4
    (5,0)   5
    (6,0)   47
    (7,0)   59
    (8,0)   74
    (9,0)   92
    (10,0)   109
    (11,0)   114
    (12,0)   120
    (13,0)   121
    (14,0)   135
    (15,0)   168
    (16,0)   180
    (17,0)   190
    (18,0)   229
    (19,0)   19
    (20,0)   20
    (21,0)   21
    (22,0)   22
    (23,0)   264
    (24,0)   24
    (25,0)   25
    (26,0)   281
    (27,0)   282
    (28,0)   28
    ...

  500x500 GraphBLAS double matrix, sparse (jumbled) by row
  T, 2004 entries, memory: 35.4 KB

    (4,0)    0.1
    (4,4)    0.1
    (4,52)    0.1
    (4,53)    0.1
    (4,54)    0.1
    (4,55)    0.1
    (4,60)    0.1
    (4,84)    0.1
    (4,108)    0.1
    (4,341)    0.1
    (5,0)    0.0769231
    (5,5)    0.0769231
    (5,52)    0.0769231
    (5,53)    0.0769231
    (5,54)    0.0769231
    (5,55)    0.0769231
    (5,84)    0.0769231
    (5,108)    0.0769231
    (5,178)    0.0769231
    (5,341)    0.0769231
    (5,377)    0.0769231
    (5,380)    0.0769231
    (5,383)    0.0769231
    (19,0)    6.06797
    (19,1)    0.00510204
    (19,2)    0.00510204
    (19,3)    0.00510204
    (19,6)    0.00510204
    (19,7)    0.00510204
    ...
--------------------------------------------------



--------------------------------------------------
Current Values at iteration 6
--------------------------------------------------
Number of clusters updated since last iteration: 4
0.800 % of all cluster assignments have been updated since last iteration

  500x500 GraphBLAS bool matrix, sparse by row
  C_temp, 500 entries, memory: 8.0 KB
  iso value:   1

    (4,4)   1
    (5,5)   1
    (19,0)   1
    (19,19)   1
    (20,20)   1
    (21,3)   1
    (21,21)   1
    (22,22)   1
    (24,24)   1
    (25,25)   1
    (28,1)   1
    (28,28)   1
    (28,84)   1
    (28,282)   1
    (29,29)   1
    (30,30)   1
    (37,37)   1
    (40,2)   1
    (40,40)   1
    (41,41)   1
    (42,42)   1
    (44,44)   1
    (46,46)   1
    (47,6)   1
    (47,47)   1
    (47,100)   1
    (48,48)   1
    (49,49)   1
    (50,50)   1
    ...

  500x1 GraphBLAS int64_t vector, bitmap by col
  verts_per_cluster, 361 entries, memory: 4.6 KB

    (4,0)   1
    (5,0)   1
    (19,0)   2
    (20,0)   1
    (21,0)   2
    (22,0)   1
    (24,0)   1
    (25,0)   1
    (28,0)   4
    (29,0)   1
    (30,0)   1
    (37,0)   1
    (40,0)   2
    (41,0)   1
    (42,0)   1
    (44,0)   1
    (46,0)   1
    (47,0)   3
    (48,0)   1
    (49,0)   1
    (50,0)   1
    (54,0)   1
    (55,0)   1
    (56,0)   1
    (57,0)   1
    (58,0)   1
    (59,0)   2
    (61,0)   1
    (62,0)   1
    ...

  500x1 GraphBLAS int64_t vector, full by col
  m_index, 500 entries, memory: 4.1 KB

    (0,0)   19
    (1,0)   28
    (2,0)   40
    (3,0)   21
    (4,0)   4
    (5,0)   5
    (6,0)   47
    (7,0)   59
    (8,0)   74
    (9,0)   92
    (10,0)   109
    (11,0)   114
    (12,0)   120
    (13,0)   121
    (14,0)   135
    (15,0)   168
    (16,0)   180
    (17,0)   190
    (18,0)   229
    (19,0)   19
    (20,0)   20
    (21,0)   21
    (22,0)   22
    (23,0)   264
    (24,0)   24
    (25,0)   25
    (26,0)   281
    (27,0)   282
    (28,0)   28
    ...

  500x500 GraphBLAS double matrix, sparse (jumbled) by row
  T, 2003 entries, memory: 35.4 KB

    (4,0)    0.1
    (4,4)    0.1
    (4,52)    0.1
    (4,53)    0.1
    (4,54)    0.1
    (4,55)    0.1
    (4,60)    0.1
    (4,84)    0.1
    (4,108)    0.1
    (4,341)    0.1
    (5,0)    0.0769231
    (5,5)    0.0769231
    (5,52)    0.0769231
    (5,53)    0.0769231
    (5,54)    0.0769231
    (5,55)    0.0769231
    (5,84)    0.0769231
    (5,108)    0.0769231
    (5,178)    0.0769231
    (5,341)    0.0769231
    (5,377)    0.0769231
    (5,380)    0.0769231
    (5,383)    0.0769231
    (19,0)    11.3188
    (19,1)    0.00510204
    (19,2)    0.00510204
    (19,3)    0.00510204
    (19,6)    0.00510204
    (19,7)    0.00510204
    ...
--------------------------------------------------



--------------------------------------------------
Current Values at iteration 7
--------------------------------------------------
Number of clusters updated since last iteration: 2
0.400 % of all cluster assignments have been updated since last iteration

  500x500 GraphBLAS bool matrix, sparse by row
  C_temp, 500 entries, memory: 8.0 KB
  iso value:   1

    (4,4)   1
    (5,5)   1
    (19,0)   1
    (19,19)   1
    (20,20)   1
    (21,3)   1
    (21,21)   1
    (22,22)   1
    (24,24)   1
    (25,25)   1
    (28,1)   1
    (28,27)   1
    (28,28)   1
    (28,84)   1
    (28,282)   1
    (29,29)   1
    (30,30)   1
    (37,37)   1
    (40,2)   1
    (40,40)   1
    (41,41)   1
    (42,42)   1
    (44,44)   1
    (46,46)   1
    (47,6)   1
    (47,47)   1
    (47,100)   1
    (48,48)   1
    (49,49)   1
    ...

  500x1 GraphBLAS int64_t vector, bitmap by col
  verts_per_cluster, 360 entries, memory: 4.6 KB

    (4,0)   1
    (5,0)   1
    (19,0)   2
    (20,0)   1
    (21,0)   2
    (22,0)   1
    (24,0)   1
    (25,0)   1
    (28,0)   5
    (29,0)   1
    (30,0)   1
    (37,0)   1
    (40,0)   2
    (41,0)   1
    (42,0)   1
    (44,0)   1
    (46,0)   1
    (47,0)   3
    (48,0)   1
    (49,0)   1
    (50,0)   1
    (54,0)   1
    (55,0)   1
    (56,0)   1
    (57,0)   1
    (58,0)   1
    (59,0)   2
    (61,0)   1
    (62,0)   1
    ...

  500x1 GraphBLAS int64_t vector, full by col
  m_index, 500 entries, memory: 4.1 KB

    (0,0)   19
    (1,0)   28
    (2,0)   40
    (3,0)   21
    (4,0)   4
    (5,0)   5
    (6,0)   47
    (7,0)   59
    (8,0)   74
    (9,0)   92
    (10,0)   109
    (11,0)   114
    (12,0)   120
    (13,0)   121
    (14,0)   135
    (15,0)   168
    (16,0)   180
    (17,0)   190
    (18,0)   229
    (19,0)   19
    (20,0)   20
    (21,0)   21
    (22,0)   22
    (23,0)   264
    (24,0)   24
    (25,0)   25
    (26,0)   281
    (27,0)   28
    (28,0)   28
    ...

  500x500 GraphBLAS double matrix, sparse (jumbled) by row
  T, 2000 entries, memory: 35.4 KB

    (4,0)    0.1
    (4,4)    0.1
    (4,52)    0.1
    (4,53)    0.1
    (4,54)    0.1
    (4,55)    0.1
    (4,60)    0.1
    (4,84)    0.1
    (4,108)    0.1
    (4,341)    0.1
    (5,0)    0.0769231
    (5,5)    0.0769231
    (5,52)    0.0769231
    (5,53)    0.0769231
    (5,54)    0.0769231
    (5,55)    0.0769231
    (5,84)    0.0769231
    (5,108)    0.0769231
    (5,178)    0.0769231
    (5,341)    0.0769231
    (5,377)    0.0769231
    (5,380)    0.0769231
    (5,383)    0.0769231
    (19,0)    21.1172
    (19,1)    0.00510204
    (19,2)    0.00510204
    (19,3)    0.00510204
    (19,6)    0.00510204
    (19,7)    0.00510204
    ...
--------------------------------------------------



--------------------------------------------------
Current Values at iteration 8
--------------------------------------------------
Number of clusters updated since last iteration: 0
0.000 % of all cluster assignments have been updated since last iteration

  500x500 GraphBLAS bool matrix, sparse by row
  C_temp, 500 entries, memory: 8.0 KB
  iso value:   1

    (4,4)   1
    (5,5)   1
    (19,0)   1
    (19,19)   1
    (20,20)   1
    (21,3)   1
    (21,21)   1
    (22,22)   1
    (24,24)   1
    (25,25)   1
    (28,1)   1
    (28,27)   1
    (28,28)   1
    (28,84)   1
    (28,282)   1
    (29,29)   1
    (30,30)   1
    (37,37)   1
    (40,2)   1
    (40,40)   1
    (41,41)   1
    (42,42)   1
    (44,44)   1
    (46,46)   1
    (47,6)   1
    (47,47)   1
    (47,100)   1
    (48,48)   1
    (49,49)   1
    ...

  500x1 GraphBLAS int64_t vector, bitmap by col
  verts_per_cluster, 360 entries, memory: 4.6 KB

    (4,0)   1
    (5,0)   1
    (19,0)   2
    (20,0)   1
    (21,0)   2
    (22,0)   1
    (24,0)   1
    (25,0)   1
    (28,0)   5
    (29,0)   1
    (30,0)   1
    (37,0)   1
    (40,0)   2
    (41,0)   1
    (42,0)   1
    (44,0)   1
    (46,0)   1
    (47,0)   3
    (48,0)   1
    (49,0)   1
    (50,0)   1
    (54,0)   1
    (55,0)   1
    (56,0)   1
    (57,0)   1
    (58,0)   1
    (59,0)   2
    (61,0)   1
    (62,0)   1
    ...

  500x1 GraphBLAS int64_t vector, full by col
  m_index, 500 entries, memory: 4.1 KB

    (0,0)   19
    (1,0)   28
    (2,0)   40
    (3,0)   21
    (4,0)   4
    (5,0)   5
    (6,0)   47
    (7,0)   59
    (8,0)   74
    (9,0)   92
    (10,0)   109
    (11,0)   114
    (12,0)   120
    (13,0)   121
    (14,0)   135
    (15,0)   168
    (16,0)   180
    (17,0)   190
    (18,0)   229
    (19,0)   19
    (20,0)   20
    (21,0)   21
    (22,0)   22
    (23,0)   264
    (24,0)   24
    (25,0)   25
    (26,0)   281
    (27,0)   28
    (28,0)   28
    ...

  500x500 GraphBLAS double matrix, sparse (jumbled) by row
  T, 1997 entries, memory: 35.3 KB

    (4,0)    0.1
    (4,4)    0.1
    (4,52)    0.1
    (4,53)    0.1
    (4,54)    0.1
    (4,55)    0.1
    (4,60)    0.1
    (4,84)    0.1
    (4,108)    0.1
    (4,341)    0.1
    (5,0)    0.0769231
    (5,5)    0.0769231
    (5,52)    0.0769231
    (5,53)    0.0769231
    (5,54)    0.0769231
    (5,55)    0.0769231
    (5,84)    0.0769231
    (5,108)    0.0769231
    (5,178)    0.0769231
    (5,341)    0.0769231
    (5,377)    0.0769231
    (5,380)    0.0769231
    (5,383)    0.0769231
    (19,0)    39.4017
    (19,1)    0.00510204
    (19,2)    0.00510204
    (19,3)    0.00510204
    (19,6)    0.00510204
    (19,7)    0.00510204
    ...
--------------------------------------------------


--------------------------------------------------
Final Information
--------------------------------------------------
Final tally matrix T where T[i][j] = k means there are k votes from cluster i for vertex j to be in cluster i:

  500x500 GraphBLAS double matrix, sparse (jumbled) by row
  T, 1997 entries, memory: 35.3 KB

    (4,0)    0.1
    (4,4)    0.1
    (4,52)    0.1
    (4,53)    0.1
    (4,54)    0.1
    (4,55)    0.1
    (4,60)    0.1
    (4,84)    0.1
    (4,108)    0.1
    (4,341)    0.1
    (5,0)    0.0769231
    (5,5)    0.0769231
    (5,52)    0.0769231
    (5,53)    0.0769231
    (5,54)    0.0769231
    (5,55)    0.0769231
    (5,84)    0.0769231
    (5,108)    0.0769231
    (5,178)    0.0769231
    (5,341)    0.0769231
    (5,377)    0.0769231
    (5,380)    0.0769231
    (5,383)    0.0769231
    (19,0)    39.4017
    (19,1)    0.00510204
    (19,2)    0.00510204
    (19,3)    0.00510204
    (19,6)    0.00510204
    (19,7)    0.00510204
    ...
Final cluster matrix C_temp where C_temp[i][j] == 1 means vertex j is in cluster i:

  500x500 GraphBLAS bool matrix, sparse by row
  C_temp, 500 entries, memory: 8.0 KB
  iso value:   1

    (4,4)   1
    (5,5)   1
    (19,0)   1
    (19,19)   1
    (20,20)   1
    (21,3)   1
    (21,21)   1
    (22,22)   1
    (24,24)   1
    (25,25)   1
    (28,1)   1
    (28,27)   1
    (28,28)   1
    (28,84)   1
    (28,282)   1
    (29,29)   1
    (30,30)   1
    (37,37)   1
    (40,2)   1
    (40,40)   1
    (41,41)   1
    (42,42)   1
    (44,44)   1
    (46,46)   1
    (47,6)   1
    (47,47)   1
    (47,100)   1
    (48,48)   1
    (49,49)   1
    ...
Number of vertices per cluster:

  500x1 GraphBLAS int64_t vector, bitmap by col
  verts_per_cluster, 360 entries, memory: 4.6 KB

    (4,0)   1
    (5,0)   1
    (19,0)   2
    (20,0)   1
    (21,0)   2
    (22,0)   1
    (24,0)   1
    (25,0)   1
    (28,0)   5
    (29,0)   1
    (30,0)   1
    (37,0)   1
    (40,0)   2
    (41,0)   1
    (42,0)   1
    (44,0)   1
    (46,0)   1
    (47,0)   3
    (48,0)   1
    (49,0)   1
    (50,0)   1
    (54,0)   1
    (55,0)   1
    (56,0)   1
    (57,0)   1
    (58,0)   1
    (59,0)   2
    (61,0)   1
    (62,0)   1
    (63,0)   1
    (64,0)   1
    (65,0)   1
    (66,0)   1
    (67,0)   1
    (68,0)   1
    (69,0)   1
    (70,0)   1
    (71,0)   1
    (72,0)   2
    (73,0)   1
    (74,0)   4
    (77,0)   1
    (78,0)   1
    (79,0)   1
    (80,0)   1
    (81,0)   1
    (82,0)   1
    (85,0)   1
    (87,0)   2
    (88,0)   1
    (89,0)   1
    (90,0)   1
    (91,0)   2
    (92,0)   2
    (93,0)   1
    (94,0)   1
    (95,0)   1
    (96,0)   2
    (97,0)   1
    (98,0)   1
    (99,0)   1
    (102,0)   2
    (103,0)   1
    (104,0)   1
    (106,0)   1
    (107,0)   1
    (108,0)   1
    (109,0)   2
    (110,0)   1
    (111,0)   1
    (112,0)   1
    (113,0)   1
    (114,0)   2
    (115,0)   1
    (116,0)   1
    (117,0)   1
    (118,0)   1
    (119,0)   1
    (120,0)   2
    (121,0)   2
    (122,0)   2
    (123,0)   1
    (124,0)   1
    (126,0)   2
    (127,0)   1
    (128,0)   2
    (131,0)   1
    (133,0)   1
    (134,0)   1
    (135,0)   4
    (136,0)   1
    (138,0)   1
    (139,0)   1
    (140,0)   1
    (141,0)   2
    (142,0)   1
    (145,0)   1
    (146,0)   1
    (148,0)   1
    (150,0)   1
    (151,0)   1
    (152,0)   3
    (153,0)   1
    (154,0)   2
    (155,0)   1
    (156,0)   1
    (157,0)   1
    (158,0)   1
    (159,0)   1
    (160,0)   1
    (161,0)   1
    (162,0)   1
    (163,0)   1
    (164,0)   1
    (165,0)   1
    (166,0)   1
    (167,0)   1
    (168,0)   11
    (174,0)   1
    (180,0)   2
    (182,0)   1
    (183,0)   1
    (187,0)   1
    (188,0)   1
    (189,0)   1
    (190,0)   9
    (192,0)   1
    (193,0)   5
    (194,0)   1
    (195,0)   1
    (196,0)   1
    (201,0)   1
    (203,0)   1
    (204,0)   1
    (206,0)   2
    (210,0)   2
    (212,0)   1
    (214,0)   1
    (215,0)   1
    (216,0)   1
    (217,0)   1
    (218,0)   1
    (220,0)   1
    (223,0)   1
    (224,0)   1
    (225,0)   1
    (226,0)   2
    (227,0)   6
    (229,0)   19
    (245,0)   1
    (248,0)   1
    (249,0)   1
    (250,0)   1
    (251,0)   1
    (252,0)   1
    (253,0)   1
    (254,0)   1
    (255,0)   1
    (256,0)   1
    (257,0)   1
    (258,0)   1
    (259,0)   1
    (260,0)   1
    (261,0)   2
    (262,0)   10
    (264,0)   9
    (281,0)   2
    (283,0)   2
    (284,0)   1
    (285,0)   2
    (288,0)   1
    (290,0)   1
    (291,0)   1
    (292,0)   2
    (293,0)   2
    (294,0)   2
    (295,0)   1
    (296,0)   1
    (297,0)   1
    (298,0)   2
    (299,0)   1
    (300,0)   2
    (301,0)   2
    (302,0)   1
    (303,0)   1
    (304,0)   2
    (305,0)   1
    (306,0)   1
    (307,0)   2
    (308,0)   1
    (309,0)   2
    (310,0)   1
    (311,0)   1
    (312,0)   1
    (313,0)   1
    (314,0)   1
    (315,0)   16
    (329,0)   1
    (330,0)   1
    (333,0)   1
    (334,0)   1
    (335,0)   1
    (336,0)   1
    (337,0)   1
    (338,0)   1
    (339,0)   1
    (340,0)   1
    (342,0)   1
    (343,0)   4
    (344,0)   1
    (345,0)   1
    (346,0)   1
    (347,0)   2
    (348,0)   1
    (349,0)   1
    (350,0)   1
    (351,0)   1
    (352,0)   1
    (353,0)   1
    (354,0)   1
    (355,0)   1
    (356,0)   1
    (358,0)   1
    (359,0)   1
    (361,0)   1
    (363,0)   1
    (364,0)   1
    (365,0)   3
    (366,0)   1
    (367,0)   1
    (368,0)   1
    (369,0)   1
    (370,0)   1
    (371,0)   1
    (372,0)   1
    (373,0)   1
    (374,0)   1
    (375,0)   1
    (376,0)   1
    (377,0)   1
    (378,0)   1
    (379,0)   1
    (380,0)   1
    (381,0)   1
    (382,0)   1
    (383,0)   1
    (384,0)   4
    (385,0)   1
    (386,0)   1
    (387,0)   1
    (388,0)   1
    (389,0)   1
    (390,0)   1
    (391,0)   1
    (392,0)   1
    (393,0)   1
    (394,0)   1
    (395,0)   1
    (396,0)   1
    (397,0)   1
    (398,0)   1
    (399,0)   1
    (400,0)   1
    (401,0)   1
    (402,0)   1
    (403,0)   1
    (404,0)   1
    (405,0)   1
    (406,0)   2
    (407,0)   1
    (408,0)   1
    (409,0)   1
    (410,0)   1
    (411,0)   1
    (412,0)   1
    (413,0)   1
    (414,0)   1
    (415,0)   1
    (416,0)   2
    (417,0)   1
    (418,0)   1
    (419,0)   1
    (421,0)   1
    (422,0)   1
    (423,0)   1
    (424,0)   1
    (425,0)   1
    (426,0)   1
    (427,0)   1
    (428,0)   1
    (429,0)   1
    (430,0)   1
    (431,0)   1
    (432,0)   1
    (433,0)   1
    (434,0)   1
    (435,0)   1
    (436,0)   1
    (438,0)   1
    (439,0)   1
    (440,0)   1
    (441,0)   1
    (442,0)   1
    (443,0)   1
    (444,0)   1
    (445,0)   1
    (446,0)   1
    (447,0)   1
    (448,0)   1
    (449,0)   1
    (450,0)   1
    (451,0)   1
    (452,0)   1
    (453,0)   1
    (454,0)   1
    (455,0)   1
    (456,0)   1
    (457,0)   1
    (458,0)   1
    (459,0)   1
    (460,0)   1
    (461,0)   1
    (462,0)   3
    (463,0)   1
    (464,0)   1
    (465,0)   1
    (466,0)   1
    (467,0)   1
    (468,0)   1
    (469,0)   1
    (470,0)   1
    (471,0)   1
    (472,0)   1
    (473,0)   1
    (474,0)   1
    (475,0)   1
    (476,0)   1
    (477,0)   1
    (478,0)   1
    (479,0)   1
    (480,0)   1
    (481,0)   1
    (482,0)   1
    (483,0)   1
    (484,0)   1
    (485,0)   1
    (486,0)   1
    (487,0)   1
    (488,0)   1
    (489,0)   1
    (490,0)   1
    (491,0)   1
    (492,0)   1
    (493,0)   1
    (494,0)   1
    (495,0)   1
    (496,0)   1
    (497,0)   1
    (498,0)   1
    (499,0)   1


  500x500 GraphBLAS bool matrix, sparse by row
  C_f, 500 entries, memory: 8.0 KB
  iso value:   1

    (4,4)   1
    (5,5)   1
    (19,0)   1
    (19,19)   1
    (20,20)   1
    (21,3)   1
    (21,21)   1
    (22,22)   1
    (24,24)   1
    (25,25)   1
    (28,1)   1
    (28,27)   1
    (28,28)   1
    (28,84)   1
    (28,282)   1
    (29,29)   1
    (30,30)   1
    (37,37)   1
    (40,2)   1
    (40,40)   1
    (41,41)   1
    (42,42)   1
    (44,44)   1
    (46,46)   1
    (47,6)   1
    (47,47)   1
    (47,100)   1
    (48,48)   1
    (49,49)   1
    ...
